$ANSIBLE_VAULT;1.1;AES256
33326530366466653864626132633531666466396435366436336536633032613362303732366138
6434333163643738303664313333663339373832636564620a373137333234386465303962343231
30623562643235343337353566656131663334346238306265656334653437393035306137386335
6436333266633131390a333837643438323831663536646135333739386566613338333032343631
64386165633734636334326565626564353166336233613432376362323931616433393236393930
63393030306662373836346663353830306438333133626539626332623461656263613365356536
39616638383638376161393565316636386230376533353239323964616436313536616234313631
35353335656263336565656636336664366639343262643936343539336565353064343361633938
37383761646537326335383032363064323437353633393630383739303733363636306632353734
39343563373864363638306565663832303164386435306638666464333635326431316237313336
35383461353236616235313162646565316333613962346630373131636436386136373663626239
62666430393831326134306335623965373035646130366463626161616262613965316365656331
31323365656338303531326462386534366533353835356537373563393235393966
